


--Debug-1- 4 0 2

--Debug-1- 400 800 0 399

--Debug-1- 200 800 400 599

--Debug-2- 0.000000 0.500000 0.000000 1.000000 0.500000

--Debug-2- 0.500000 0.750000 0.000000 1.000000 0.250000
--Writing x grid points--
4 0 0 0.000000
4 1 1 0.001252
4 2 2 0.002503
4 3 3 0.003755
4 4 4 0.005006
4 5 5 0.006258
4 6 6 0.007509
4 7 7 0.008761
4 8 8 0.010013
4 9 9 0.011264
4 10 10 0.012516
4 11 11 0.013767
4 12 12 0.015019
4 13 13 0.016270
4 14 14 0.017522
4 15 15 0.018773
4 16 16 0.020025
4 17 17 0.021277
4 18 18 0.022528
4 19 19 0.023780
4 20 20 0.025031
4 21 21 0.026283
4 22 22 0.027534
4 23 23 0.028786
4 24 24 0.030038
4 25 25 0.031289
4 26 26 0.032541
4 27 27 0.033792
4 28 28 0.035044
4 29 29 0.036295
4 30 30 0.037547
4 31 31 0.038798
4 32 32 0.040050
4 33 33 0.041302
4 34 34 0.042553
4 35 35 0.043805
4 36 36 0.045056
4 37 37 0.046308
4 38 38 0.047559
4 39 39 0.048811
4 40 40 0.050063
4 41 41 0.051314
4 42 42 0.052566
4 43 43 0.053817
4 44 44 0.055069
4 45 45 0.056320
4 46 46 0.057572
4 47 47 0.058824
4 48 48 0.060075
4 49 49 0.061327
4 50 50 0.062578
4 51 51 0.063830
4 52 52 0.065081
4 53 53 0.066333
4 54 54 0.067584
4 55 55 0.068836
4 56 56 0.070088
4 57 57 0.071339
4 58 58 0.072591
4 59 59 0.073842
4 60 60 0.075094
4 61 61 0.076345
4 62 62 0.077597
4 63 63 0.078849
4 64 64 0.080100
4 65 65 0.081352
4 66 66 0.082603
4 67 67 0.083855
4 68 68 0.085106
4 69 69 0.086358
4 70 70 0.087610
4 71 71 0.088861
4 72 72 0.090113
4 73 73 0.091364
4 74 74 0.092616
4 75 75 0.093867
4 76 76 0.095119
4 77 77 0.096370
4 78 78 0.097622
4 79 79 0.098874
4 80 80 0.100125
4 81 81 0.101377
4 82 82 0.102628
4 83 83 0.103880
4 84 84 0.105131
4 85 85 0.106383
4 86 86 0.107635
4 87 87 0.108886
4 88 88 0.110138
4 89 89 0.111389
4 90 90 0.112641
4 91 91 0.113892
4 92 92 0.115144
4 93 93 0.116395
4 94 94 0.117647
4 95 95 0.118899
4 96 96 0.120150
4 97 97 0.121402
4 98 98 0.122653
4 99 99 0.123905
4 100 100 0.125156
4 101 101 0.126408
4 102 102 0.127660
4 103 103 0.128911
4 104 104 0.130163
4 105 105 0.131414
4 106 106 0.132666
4 107 107 0.133917
4 108 108 0.135169
4 109 109 0.136421
4 110 110 0.137672
4 111 111 0.138924
4 112 112 0.140175
4 113 113 0.141427
4 114 114 0.142678
4 115 115 0.143930
4 116 116 0.145181
4 117 117 0.146433
4 118 118 0.147685
4 119 119 0.148936
4 120 120 0.150188
4 121 121 0.151439
4 122 122 0.152691
4 123 123 0.153942
4 124 124 0.155194
4 125 125 0.156446
4 126 126 0.157697
4 127 127 0.158949
4 128 128 0.160200
4 129 129 0.161452
4 130 130 0.162703
4 131 131 0.163955
4 132 132 0.165207
4 133 133 0.166458
4 134 134 0.167710
4 135 135 0.168961
4 136 136 0.170213
4 137 137 0.171464
4 138 138 0.172716
4 139 139 0.173967
4 140 140 0.175219
4 141 141 0.176471
4 142 142 0.177722
4 143 143 0.178974
4 144 144 0.180225
4 145 145 0.181477
4 146 146 0.182728
4 147 147 0.183980
4 148 148 0.185232
4 149 149 0.186483
4 150 150 0.187735
4 151 151 0.188986
4 152 152 0.190238
4 153 153 0.191489
4 154 154 0.192741
4 155 155 0.193992
4 156 156 0.195244
4 157 157 0.196496
4 158 158 0.197747
4 159 159 0.198999
4 160 160 0.200250
4 161 161 0.201502
4 162 162 0.202753
4 163 163 0.204005
4 164 164 0.205257
4 165 165 0.206508
4 166 166 0.207760
4 167 167 0.209011
4 168 168 0.210263
4 169 169 0.211514
4 170 170 0.212766
4 171 171 0.214018
4 172 172 0.215269
4 173 173 0.216521
4 174 174 0.217772
4 175 175 0.219024
4 176 176 0.220275
4 177 177 0.221527
4 178 178 0.222778
4 179 179 0.224030
4 180 180 0.225282
4 181 181 0.226533
4 182 182 0.227785
4 183 183 0.229036
4 184 184 0.230288
4 185 185 0.231539
4 186 186 0.232791
4 187 187 0.234043
4 188 188 0.235294
4 189 189 0.236546
4 190 190 0.237797
4 191 191 0.239049
4 192 192 0.240300
4 193 193 0.241552
4 194 194 0.242804
4 195 195 0.244055
4 196 196 0.245307
4 197 197 0.246558
4 198 198 0.247810
4 199 199 0.249061
4 200 200 0.250313
4 201 201 0.251564
4 202 202 0.252816
4 203 203 0.254068
4 204 204 0.255319
4 205 205 0.256571
4 206 206 0.257822
4 207 207 0.259074
4 208 208 0.260325
4 209 209 0.261577
4 210 210 0.262829
4 211 211 0.264080
4 212 212 0.265332
4 213 213 0.266583
4 214 214 0.267835
4 215 215 0.269086
4 216 216 0.270338
4 217 217 0.271589
4 218 218 0.272841
4 219 219 0.274093
4 220 220 0.275344
4 221 221 0.276596
4 222 222 0.277847
4 223 223 0.279099
4 224 224 0.280350
4 225 225 0.281602
4 226 226 0.282854
4 227 227 0.284105
4 228 228 0.285357
4 229 229 0.286608
4 230 230 0.287860
4 231 231 0.289111
4 232 232 0.290363
4 233 233 0.291615
4 234 234 0.292866
4 235 235 0.294118
4 236 236 0.295369
4 237 237 0.296621
4 238 238 0.297872
4 239 239 0.299124
4 240 240 0.300375
4 241 241 0.301627
4 242 242 0.302879
4 243 243 0.304130
4 244 244 0.305382
4 245 245 0.306633
4 246 246 0.307885
4 247 247 0.309136
4 248 248 0.310388
4 249 249 0.311640
4 250 250 0.312891
4 251 251 0.314143
4 252 252 0.315394
4 253 253 0.316646
4 254 254 0.317897
4 255 255 0.319149
4 256 256 0.320401
4 257 257 0.321652
4 258 258 0.322904
4 259 259 0.324155
4 260 260 0.325407
4 261 261 0.326658
4 262 262 0.327910
4 263 263 0.329161
4 264 264 0.330413
4 265 265 0.331665
4 266 266 0.332916
4 267 267 0.334168
4 268 268 0.335419
4 269 269 0.336671
4 270 270 0.337922
4 271 271 0.339174
4 272 272 0.340426
4 273 273 0.341677
4 274 274 0.342929
4 275 275 0.344180
4 276 276 0.345432
4 277 277 0.346683
4 278 278 0.347935
4 279 279 0.349186
4 280 280 0.350438
4 281 281 0.351690
4 282 282 0.352941
4 283 283 0.354193
4 284 284 0.355444
4 285 285 0.356696
4 286 286 0.357947
4 287 287 0.359199
4 288 288 0.360451
4 289 289 0.361702
4 290 290 0.362954
4 291 291 0.364205
4 292 292 0.365457
4 293 293 0.366708
4 294 294 0.367960
4 295 295 0.369212
4 296 296 0.370463
4 297 297 0.371715
4 298 298 0.372966
4 299 299 0.374218
4 300 300 0.375469
4 301 301 0.376721
4 302 302 0.377972
4 303 303 0.379224
4 304 304 0.380476
4 305 305 0.381727
4 306 306 0.382979
4 307 307 0.384230
4 308 308 0.385482
4 309 309 0.386733
4 310 310 0.387985
4 311 311 0.389237
4 312 312 0.390488
4 313 313 0.391740
4 314 314 0.392991
4 315 315 0.394243
4 316 316 0.395494
4 317 317 0.396746
4 318 318 0.397997
4 319 319 0.399249
4 320 320 0.400501
4 321 321 0.401752
4 322 322 0.403004
4 323 323 0.404255
4 324 324 0.405507
4 325 325 0.406758
4 326 326 0.408010
4 327 327 0.409262
4 328 328 0.410513
4 329 329 0.411765
4 330 330 0.413016
4 331 331 0.414268
4 332 332 0.415519
4 333 333 0.416771
4 334 334 0.418023
4 335 335 0.419274
4 336 336 0.420526
4 337 337 0.421777
4 338 338 0.423029
4 339 339 0.424280
4 340 340 0.425532
4 341 341 0.426783
4 342 342 0.428035
4 343 343 0.429287
4 344 344 0.430538
4 345 345 0.431790
4 346 346 0.433041
4 347 347 0.434293
4 348 348 0.435544
4 349 349 0.436796
4 350 350 0.438048
4 351 351 0.439299
4 352 352 0.440551
4 353 353 0.441802
4 354 354 0.443054
4 355 355 0.444305
4 356 356 0.445557
4 357 357 0.446809
4 358 358 0.448060
4 359 359 0.449312
4 360 360 0.450563
4 361 361 0.451815
4 362 362 0.453066
4 363 363 0.454318
4 364 364 0.455569
4 365 365 0.456821
4 366 366 0.458073
4 367 367 0.459324
4 368 368 0.460576
4 369 369 0.461827
4 370 370 0.463079
4 371 371 0.464330
4 372 372 0.465582
4 373 373 0.466834
4 374 374 0.468085
4 375 375 0.469337
4 376 376 0.470588
4 377 377 0.471840
4 378 378 0.473091
4 379 379 0.474343
4 380 380 0.475594
4 381 381 0.476846
4 382 382 0.478098
4 383 383 0.479349
4 384 384 0.480601
4 385 385 0.481852
4 386 386 0.483104
4 387 387 0.484355
4 388 388 0.485607
4 389 389 0.486859
4 390 390 0.488110
4 391 391 0.489362
4 392 392 0.490613
4 393 393 0.491865
4 394 394 0.493116
4 395 395 0.494368
4 396 396 0.495620
4 397 397 0.496871
4 398 398 0.498123
4 399 399 0.499374
--Done writing x grid points--
--Writing y grid points--
4 0 400 0.500626
4 1 401 0.501877
4 2 402 0.503129
4 3 403 0.504380
4 4 404 0.505632
4 5 405 0.506884
4 6 406 0.508135
4 7 407 0.509387
4 8 408 0.510638
4 9 409 0.511890
4 10 410 0.513141
4 11 411 0.514393
4 12 412 0.515645
4 13 413 0.516896
4 14 414 0.518148
4 15 415 0.519399
4 16 416 0.520651
4 17 417 0.521902
4 18 418 0.523154
4 19 419 0.524406
4 20 420 0.525657
4 21 421 0.526909
4 22 422 0.528160
4 23 423 0.529412
4 24 424 0.530663
4 25 425 0.531915
4 26 426 0.533166
4 27 427 0.534418
4 28 428 0.535670
4 29 429 0.536921
4 30 430 0.538173
4 31 431 0.539424
4 32 432 0.540676
4 33 433 0.541927
4 34 434 0.543179
4 35 435 0.544431
4 36 436 0.545682
4 37 437 0.546934
4 38 438 0.548185
4 39 439 0.549437
4 40 440 0.550688
4 41 441 0.551940
4 42 442 0.553191
4 43 443 0.554443
4 44 444 0.555695
4 45 445 0.556946
4 46 446 0.558198
4 47 447 0.559449
4 48 448 0.560701
4 49 449 0.561952
4 50 450 0.563204
4 51 451 0.564456
4 52 452 0.565707
4 53 453 0.566959
4 54 454 0.568210
4 55 455 0.569462
4 56 456 0.570713
4 57 457 0.571965
4 58 458 0.573217
4 59 459 0.574468
4 60 460 0.575720
4 61 461 0.576971
4 62 462 0.578223
4 63 463 0.579474
4 64 464 0.580726
4 65 465 0.581977
4 66 466 0.583229
4 67 467 0.584481
4 68 468 0.585732
4 69 469 0.586984
4 70 470 0.588235
4 71 471 0.589487
4 72 472 0.590738
4 73 473 0.591990
4 74 474 0.593242
4 75 475 0.594493
4 76 476 0.595745
4 77 477 0.596996
4 78 478 0.598248
4 79 479 0.599499
4 80 480 0.600751
4 81 481 0.602003
4 82 482 0.603254
4 83 483 0.604506
4 84 484 0.605757
4 85 485 0.607009
4 86 486 0.608260
4 87 487 0.609512
4 88 488 0.610763
4 89 489 0.612015
4 90 490 0.613267
4 91 491 0.614518
4 92 492 0.615770
4 93 493 0.617021
4 94 494 0.618273
4 95 495 0.619524
4 96 496 0.620776
4 97 497 0.622028
4 98 498 0.623279
4 99 499 0.624531
4 100 500 0.625782
4 101 501 0.627034
4 102 502 0.628285
4 103 503 0.629537
4 104 504 0.630788
4 105 505 0.632040
4 106 506 0.633292
4 107 507 0.634543
4 108 508 0.635795
4 109 509 0.637046
4 110 510 0.638298
4 111 511 0.639549
4 112 512 0.640801
4 113 513 0.642053
4 114 514 0.643304
4 115 515 0.644556
4 116 516 0.645807
4 117 517 0.647059
4 118 518 0.648310
4 119 519 0.649562
4 120 520 0.650814
4 121 521 0.652065
4 122 522 0.653317
4 123 523 0.654568
4 124 524 0.655820
4 125 525 0.657071
4 126 526 0.658323
4 127 527 0.659574
4 128 528 0.660826
4 129 529 0.662078
4 130 530 0.663329
4 131 531 0.664581
4 132 532 0.665832
4 133 533 0.667084
4 134 534 0.668335
4 135 535 0.669587
4 136 536 0.670839
4 137 537 0.672090
4 138 538 0.673342
4 139 539 0.674593
4 140 540 0.675845
4 141 541 0.677096
4 142 542 0.678348
4 143 543 0.679599
4 144 544 0.680851
4 145 545 0.682103
4 146 546 0.683354
4 147 547 0.684606
4 148 548 0.685857
4 149 549 0.687109
4 150 550 0.688360
4 151 551 0.689612
4 152 552 0.690864
4 153 553 0.692115
4 154 554 0.693367
4 155 555 0.694618
4 156 556 0.695870
4 157 557 0.697121
4 158 558 0.698373
4 159 559 0.699625
4 160 560 0.700876
4 161 561 0.702128
4 162 562 0.703379
4 163 563 0.704631
4 164 564 0.705882
4 165 565 0.707134
4 166 566 0.708385
4 167 567 0.709637
4 168 568 0.710889
4 169 569 0.712140
4 170 570 0.713392
4 171 571 0.714643
4 172 572 0.715895
4 173 573 0.717146
4 174 574 0.718398
4 175 575 0.719650
4 176 576 0.720901
4 177 577 0.722153
4 178 578 0.723404
4 179 579 0.724656
4 180 580 0.725907
4 181 581 0.727159
4 182 582 0.728411
4 183 583 0.729662
4 184 584 0.730914
4 185 585 0.732165
4 186 586 0.733417
4 187 587 0.734668
4 188 588 0.735920
4 189 589 0.737171
4 190 590 0.738423
4 191 591 0.739675
4 192 592 0.740926
4 193 593 0.742178
4 194 594 0.743429
4 195 595 0.744681
4 196 596 0.745932
4 197 597 0.747184
4 198 598 0.748436
4 199 599 0.749687
--Done writing y grid points--
