


--Debug-1- 2 0 1

--Debug-1- 400 800 0 399

--Debug-1- 200 800 200 399

--Debug-2- 0.000000 0.500000 0.000000 1.000000 0.500000

--Debug-2- 0.250000 0.500000 0.000000 1.000000 0.250000
--Writing x grid points--
2 0 0 0.000000
2 1 1 0.001252
2 2 2 0.002503
2 3 3 0.003755
2 4 4 0.005006
2 5 5 0.006258
2 6 6 0.007509
2 7 7 0.008761
2 8 8 0.010013
2 9 9 0.011264
2 10 10 0.012516
2 11 11 0.013767
2 12 12 0.015019
2 13 13 0.016270
2 14 14 0.017522
2 15 15 0.018773
2 16 16 0.020025
2 17 17 0.021277
2 18 18 0.022528
2 19 19 0.023780
2 20 20 0.025031
2 21 21 0.026283
2 22 22 0.027534
2 23 23 0.028786
2 24 24 0.030038
2 25 25 0.031289
2 26 26 0.032541
2 27 27 0.033792
2 28 28 0.035044
2 29 29 0.036295
2 30 30 0.037547
2 31 31 0.038798
2 32 32 0.040050
2 33 33 0.041302
2 34 34 0.042553
2 35 35 0.043805
2 36 36 0.045056
2 37 37 0.046308
2 38 38 0.047559
2 39 39 0.048811
2 40 40 0.050063
2 41 41 0.051314
2 42 42 0.052566
2 43 43 0.053817
2 44 44 0.055069
2 45 45 0.056320
2 46 46 0.057572
2 47 47 0.058824
2 48 48 0.060075
2 49 49 0.061327
2 50 50 0.062578
2 51 51 0.063830
2 52 52 0.065081
2 53 53 0.066333
2 54 54 0.067584
2 55 55 0.068836
2 56 56 0.070088
2 57 57 0.071339
2 58 58 0.072591
2 59 59 0.073842
2 60 60 0.075094
2 61 61 0.076345
2 62 62 0.077597
2 63 63 0.078849
2 64 64 0.080100
2 65 65 0.081352
2 66 66 0.082603
2 67 67 0.083855
2 68 68 0.085106
2 69 69 0.086358
2 70 70 0.087610
2 71 71 0.088861
2 72 72 0.090113
2 73 73 0.091364
2 74 74 0.092616
2 75 75 0.093867
2 76 76 0.095119
2 77 77 0.096370
2 78 78 0.097622
2 79 79 0.098874
2 80 80 0.100125
2 81 81 0.101377
2 82 82 0.102628
2 83 83 0.103880
2 84 84 0.105131
2 85 85 0.106383
2 86 86 0.107635
2 87 87 0.108886
2 88 88 0.110138
2 89 89 0.111389
2 90 90 0.112641
2 91 91 0.113892
2 92 92 0.115144
2 93 93 0.116395
2 94 94 0.117647
2 95 95 0.118899
2 96 96 0.120150
2 97 97 0.121402
2 98 98 0.122653
2 99 99 0.123905
2 100 100 0.125156
2 101 101 0.126408
2 102 102 0.127660
2 103 103 0.128911
2 104 104 0.130163
2 105 105 0.131414
2 106 106 0.132666
2 107 107 0.133917
2 108 108 0.135169
2 109 109 0.136421
2 110 110 0.137672
2 111 111 0.138924
2 112 112 0.140175
2 113 113 0.141427
2 114 114 0.142678
2 115 115 0.143930
2 116 116 0.145181
2 117 117 0.146433
2 118 118 0.147685
2 119 119 0.148936
2 120 120 0.150188
2 121 121 0.151439
2 122 122 0.152691
2 123 123 0.153942
2 124 124 0.155194
2 125 125 0.156446
2 126 126 0.157697
2 127 127 0.158949
2 128 128 0.160200
2 129 129 0.161452
2 130 130 0.162703
2 131 131 0.163955
2 132 132 0.165207
2 133 133 0.166458
2 134 134 0.167710
2 135 135 0.168961
2 136 136 0.170213
2 137 137 0.171464
2 138 138 0.172716
2 139 139 0.173967
2 140 140 0.175219
2 141 141 0.176471
2 142 142 0.177722
2 143 143 0.178974
2 144 144 0.180225
2 145 145 0.181477
2 146 146 0.182728
2 147 147 0.183980
2 148 148 0.185232
2 149 149 0.186483
2 150 150 0.187735
2 151 151 0.188986
2 152 152 0.190238
2 153 153 0.191489
2 154 154 0.192741
2 155 155 0.193992
2 156 156 0.195244
2 157 157 0.196496
2 158 158 0.197747
2 159 159 0.198999
2 160 160 0.200250
2 161 161 0.201502
2 162 162 0.202753
2 163 163 0.204005
2 164 164 0.205257
2 165 165 0.206508
2 166 166 0.207760
2 167 167 0.209011
2 168 168 0.210263
2 169 169 0.211514
2 170 170 0.212766
2 171 171 0.214018
2 172 172 0.215269
2 173 173 0.216521
2 174 174 0.217772
2 175 175 0.219024
2 176 176 0.220275
2 177 177 0.221527
2 178 178 0.222778
2 179 179 0.224030
2 180 180 0.225282
2 181 181 0.226533
2 182 182 0.227785
2 183 183 0.229036
2 184 184 0.230288
2 185 185 0.231539
2 186 186 0.232791
2 187 187 0.234043
2 188 188 0.235294
2 189 189 0.236546
2 190 190 0.237797
2 191 191 0.239049
2 192 192 0.240300
2 193 193 0.241552
2 194 194 0.242804
2 195 195 0.244055
2 196 196 0.245307
2 197 197 0.246558
2 198 198 0.247810
2 199 199 0.249061
2 200 200 0.250313
2 201 201 0.251564
2 202 202 0.252816
2 203 203 0.254068
2 204 204 0.255319
2 205 205 0.256571
2 206 206 0.257822
2 207 207 0.259074
2 208 208 0.260325
2 209 209 0.261577
2 210 210 0.262829
2 211 211 0.264080
2 212 212 0.265332
2 213 213 0.266583
2 214 214 0.267835
2 215 215 0.269086
2 216 216 0.270338
2 217 217 0.271589
2 218 218 0.272841
2 219 219 0.274093
2 220 220 0.275344
2 221 221 0.276596
2 222 222 0.277847
2 223 223 0.279099
2 224 224 0.280350
2 225 225 0.281602
2 226 226 0.282854
2 227 227 0.284105
2 228 228 0.285357
2 229 229 0.286608
2 230 230 0.287860
2 231 231 0.289111
2 232 232 0.290363
2 233 233 0.291615
2 234 234 0.292866
2 235 235 0.294118
2 236 236 0.295369
2 237 237 0.296621
2 238 238 0.297872
2 239 239 0.299124
2 240 240 0.300375
2 241 241 0.301627
2 242 242 0.302879
2 243 243 0.304130
2 244 244 0.305382
2 245 245 0.306633
2 246 246 0.307885
2 247 247 0.309136
2 248 248 0.310388
2 249 249 0.311640
2 250 250 0.312891
2 251 251 0.314143
2 252 252 0.315394
2 253 253 0.316646
2 254 254 0.317897
2 255 255 0.319149
2 256 256 0.320401
2 257 257 0.321652
2 258 258 0.322904
2 259 259 0.324155
2 260 260 0.325407
2 261 261 0.326658
2 262 262 0.327910
2 263 263 0.329161
2 264 264 0.330413
2 265 265 0.331665
2 266 266 0.332916
2 267 267 0.334168
2 268 268 0.335419
2 269 269 0.336671
2 270 270 0.337922
2 271 271 0.339174
2 272 272 0.340426
2 273 273 0.341677
2 274 274 0.342929
2 275 275 0.344180
2 276 276 0.345432
2 277 277 0.346683
2 278 278 0.347935
2 279 279 0.349186
2 280 280 0.350438
2 281 281 0.351690
2 282 282 0.352941
2 283 283 0.354193
2 284 284 0.355444
2 285 285 0.356696
2 286 286 0.357947
2 287 287 0.359199
2 288 288 0.360451
2 289 289 0.361702
2 290 290 0.362954
2 291 291 0.364205
2 292 292 0.365457
2 293 293 0.366708
2 294 294 0.367960
2 295 295 0.369212
2 296 296 0.370463
2 297 297 0.371715
2 298 298 0.372966
2 299 299 0.374218
2 300 300 0.375469
2 301 301 0.376721
2 302 302 0.377972
2 303 303 0.379224
2 304 304 0.380476
2 305 305 0.381727
2 306 306 0.382979
2 307 307 0.384230
2 308 308 0.385482
2 309 309 0.386733
2 310 310 0.387985
2 311 311 0.389237
2 312 312 0.390488
2 313 313 0.391740
2 314 314 0.392991
2 315 315 0.394243
2 316 316 0.395494
2 317 317 0.396746
2 318 318 0.397997
2 319 319 0.399249
2 320 320 0.400501
2 321 321 0.401752
2 322 322 0.403004
2 323 323 0.404255
2 324 324 0.405507
2 325 325 0.406758
2 326 326 0.408010
2 327 327 0.409262
2 328 328 0.410513
2 329 329 0.411765
2 330 330 0.413016
2 331 331 0.414268
2 332 332 0.415519
2 333 333 0.416771
2 334 334 0.418023
2 335 335 0.419274
2 336 336 0.420526
2 337 337 0.421777
2 338 338 0.423029
2 339 339 0.424280
2 340 340 0.425532
2 341 341 0.426783
2 342 342 0.428035
2 343 343 0.429287
2 344 344 0.430538
2 345 345 0.431790
2 346 346 0.433041
2 347 347 0.434293
2 348 348 0.435544
2 349 349 0.436796
2 350 350 0.438048
2 351 351 0.439299
2 352 352 0.440551
2 353 353 0.441802
2 354 354 0.443054
2 355 355 0.444305
2 356 356 0.445557
2 357 357 0.446809
2 358 358 0.448060
2 359 359 0.449312
2 360 360 0.450563
2 361 361 0.451815
2 362 362 0.453066
2 363 363 0.454318
2 364 364 0.455569
2 365 365 0.456821
2 366 366 0.458073
2 367 367 0.459324
2 368 368 0.460576
2 369 369 0.461827
2 370 370 0.463079
2 371 371 0.464330
2 372 372 0.465582
2 373 373 0.466834
2 374 374 0.468085
2 375 375 0.469337
2 376 376 0.470588
2 377 377 0.471840
2 378 378 0.473091
2 379 379 0.474343
2 380 380 0.475594
2 381 381 0.476846
2 382 382 0.478098
2 383 383 0.479349
2 384 384 0.480601
2 385 385 0.481852
2 386 386 0.483104
2 387 387 0.484355
2 388 388 0.485607
2 389 389 0.486859
2 390 390 0.488110
2 391 391 0.489362
2 392 392 0.490613
2 393 393 0.491865
2 394 394 0.493116
2 395 395 0.494368
2 396 396 0.495620
2 397 397 0.496871
2 398 398 0.498123
2 399 399 0.499374
--Done writing x grid points--
--Writing y grid points--
2 0 200 0.250313
2 1 201 0.251564
2 2 202 0.252816
2 3 203 0.254068
2 4 204 0.255319
2 5 205 0.256571
2 6 206 0.257822
2 7 207 0.259074
2 8 208 0.260325
2 9 209 0.261577
2 10 210 0.262829
2 11 211 0.264080
2 12 212 0.265332
2 13 213 0.266583
2 14 214 0.267835
2 15 215 0.269086
2 16 216 0.270338
2 17 217 0.271589
2 18 218 0.272841
2 19 219 0.274093
2 20 220 0.275344
2 21 221 0.276596
2 22 222 0.277847
2 23 223 0.279099
2 24 224 0.280350
2 25 225 0.281602
2 26 226 0.282854
2 27 227 0.284105
2 28 228 0.285357
2 29 229 0.286608
2 30 230 0.287860
2 31 231 0.289111
2 32 232 0.290363
2 33 233 0.291615
2 34 234 0.292866
2 35 235 0.294118
2 36 236 0.295369
2 37 237 0.296621
2 38 238 0.297872
2 39 239 0.299124
2 40 240 0.300375
2 41 241 0.301627
2 42 242 0.302879
2 43 243 0.304130
2 44 244 0.305382
2 45 245 0.306633
2 46 246 0.307885
2 47 247 0.309136
2 48 248 0.310388
2 49 249 0.311640
2 50 250 0.312891
2 51 251 0.314143
2 52 252 0.315394
2 53 253 0.316646
2 54 254 0.317897
2 55 255 0.319149
2 56 256 0.320401
2 57 257 0.321652
2 58 258 0.322904
2 59 259 0.324155
2 60 260 0.325407
2 61 261 0.326658
2 62 262 0.327910
2 63 263 0.329161
2 64 264 0.330413
2 65 265 0.331665
2 66 266 0.332916
2 67 267 0.334168
2 68 268 0.335419
2 69 269 0.336671
2 70 270 0.337922
2 71 271 0.339174
2 72 272 0.340426
2 73 273 0.341677
2 74 274 0.342929
2 75 275 0.344180
2 76 276 0.345432
2 77 277 0.346683
2 78 278 0.347935
2 79 279 0.349186
2 80 280 0.350438
2 81 281 0.351690
2 82 282 0.352941
2 83 283 0.354193
2 84 284 0.355444
2 85 285 0.356696
2 86 286 0.357947
2 87 287 0.359199
2 88 288 0.360451
2 89 289 0.361702
2 90 290 0.362954
2 91 291 0.364205
2 92 292 0.365457
2 93 293 0.366708
2 94 294 0.367960
2 95 295 0.369212
2 96 296 0.370463
2 97 297 0.371715
2 98 298 0.372966
2 99 299 0.374218
2 100 300 0.375469
2 101 301 0.376721
2 102 302 0.377972
2 103 303 0.379224
2 104 304 0.380476
2 105 305 0.381727
2 106 306 0.382979
2 107 307 0.384230
2 108 308 0.385482
2 109 309 0.386733
2 110 310 0.387985
2 111 311 0.389237
2 112 312 0.390488
2 113 313 0.391740
2 114 314 0.392991
2 115 315 0.394243
2 116 316 0.395494
2 117 317 0.396746
2 118 318 0.397997
2 119 319 0.399249
2 120 320 0.400501
2 121 321 0.401752
2 122 322 0.403004
2 123 323 0.404255
2 124 324 0.405507
2 125 325 0.406758
2 126 326 0.408010
2 127 327 0.409262
2 128 328 0.410513
2 129 329 0.411765
2 130 330 0.413016
2 131 331 0.414268
2 132 332 0.415519
2 133 333 0.416771
2 134 334 0.418023
2 135 335 0.419274
2 136 336 0.420526
2 137 337 0.421777
2 138 338 0.423029
2 139 339 0.424280
2 140 340 0.425532
2 141 341 0.426783
2 142 342 0.428035
2 143 343 0.429287
2 144 344 0.430538
2 145 345 0.431790
2 146 346 0.433041
2 147 347 0.434293
2 148 348 0.435544
2 149 349 0.436796
2 150 350 0.438048
2 151 351 0.439299
2 152 352 0.440551
2 153 353 0.441802
2 154 354 0.443054
2 155 355 0.444305
2 156 356 0.445557
2 157 357 0.446809
2 158 358 0.448060
2 159 359 0.449312
2 160 360 0.450563
2 161 361 0.451815
2 162 362 0.453066
2 163 363 0.454318
2 164 364 0.455569
2 165 365 0.456821
2 166 366 0.458073
2 167 367 0.459324
2 168 368 0.460576
2 169 369 0.461827
2 170 370 0.463079
2 171 371 0.464330
2 172 372 0.465582
2 173 373 0.466834
2 174 374 0.468085
2 175 375 0.469337
2 176 376 0.470588
2 177 377 0.471840
2 178 378 0.473091
2 179 379 0.474343
2 180 380 0.475594
2 181 381 0.476846
2 182 382 0.478098
2 183 383 0.479349
2 184 384 0.480601
2 185 385 0.481852
2 186 386 0.483104
2 187 387 0.484355
2 188 388 0.485607
2 189 389 0.486859
2 190 390 0.488110
2 191 391 0.489362
2 192 392 0.490613
2 193 393 0.491865
2 194 394 0.493116
2 195 395 0.494368
2 196 396 0.495620
2 197 397 0.496871
2 198 398 0.498123
2 199 399 0.499374
--Done writing y grid points--
