


--Debug-1- 8 0 2

--Debug-1- 200 800 0 199

--Debug-1- 200 800 400 599

--Debug-2- 0.000000 0.250000 0.000000 1.000000 0.250000

--Debug-2- 0.500000 0.750000 0.000000 1.000000 0.250000
--Writing x grid points--
8 0 0 0.000000
8 1 1 0.001252
8 2 2 0.002503
8 3 3 0.003755
8 4 4 0.005006
8 5 5 0.006258
8 6 6 0.007509
8 7 7 0.008761
8 8 8 0.010013
8 9 9 0.011264
8 10 10 0.012516
8 11 11 0.013767
8 12 12 0.015019
8 13 13 0.016270
8 14 14 0.017522
8 15 15 0.018773
8 16 16 0.020025
8 17 17 0.021277
8 18 18 0.022528
8 19 19 0.023780
8 20 20 0.025031
8 21 21 0.026283
8 22 22 0.027534
8 23 23 0.028786
8 24 24 0.030038
8 25 25 0.031289
8 26 26 0.032541
8 27 27 0.033792
8 28 28 0.035044
8 29 29 0.036295
8 30 30 0.037547
8 31 31 0.038798
8 32 32 0.040050
8 33 33 0.041302
8 34 34 0.042553
8 35 35 0.043805
8 36 36 0.045056
8 37 37 0.046308
8 38 38 0.047559
8 39 39 0.048811
8 40 40 0.050063
8 41 41 0.051314
8 42 42 0.052566
8 43 43 0.053817
8 44 44 0.055069
8 45 45 0.056320
8 46 46 0.057572
8 47 47 0.058824
8 48 48 0.060075
8 49 49 0.061327
8 50 50 0.062578
8 51 51 0.063830
8 52 52 0.065081
8 53 53 0.066333
8 54 54 0.067584
8 55 55 0.068836
8 56 56 0.070088
8 57 57 0.071339
8 58 58 0.072591
8 59 59 0.073842
8 60 60 0.075094
8 61 61 0.076345
8 62 62 0.077597
8 63 63 0.078849
8 64 64 0.080100
8 65 65 0.081352
8 66 66 0.082603
8 67 67 0.083855
8 68 68 0.085106
8 69 69 0.086358
8 70 70 0.087610
8 71 71 0.088861
8 72 72 0.090113
8 73 73 0.091364
8 74 74 0.092616
8 75 75 0.093867
8 76 76 0.095119
8 77 77 0.096370
8 78 78 0.097622
8 79 79 0.098874
8 80 80 0.100125
8 81 81 0.101377
8 82 82 0.102628
8 83 83 0.103880
8 84 84 0.105131
8 85 85 0.106383
8 86 86 0.107635
8 87 87 0.108886
8 88 88 0.110138
8 89 89 0.111389
8 90 90 0.112641
8 91 91 0.113892
8 92 92 0.115144
8 93 93 0.116395
8 94 94 0.117647
8 95 95 0.118899
8 96 96 0.120150
8 97 97 0.121402
8 98 98 0.122653
8 99 99 0.123905
8 100 100 0.125156
8 101 101 0.126408
8 102 102 0.127660
8 103 103 0.128911
8 104 104 0.130163
8 105 105 0.131414
8 106 106 0.132666
8 107 107 0.133917
8 108 108 0.135169
8 109 109 0.136421
8 110 110 0.137672
8 111 111 0.138924
8 112 112 0.140175
8 113 113 0.141427
8 114 114 0.142678
8 115 115 0.143930
8 116 116 0.145181
8 117 117 0.146433
8 118 118 0.147685
8 119 119 0.148936
8 120 120 0.150188
8 121 121 0.151439
8 122 122 0.152691
8 123 123 0.153942
8 124 124 0.155194
8 125 125 0.156446
8 126 126 0.157697
8 127 127 0.158949
8 128 128 0.160200
8 129 129 0.161452
8 130 130 0.162703
8 131 131 0.163955
8 132 132 0.165207
8 133 133 0.166458
8 134 134 0.167710
8 135 135 0.168961
8 136 136 0.170213
8 137 137 0.171464
8 138 138 0.172716
8 139 139 0.173967
8 140 140 0.175219
8 141 141 0.176471
8 142 142 0.177722
8 143 143 0.178974
8 144 144 0.180225
8 145 145 0.181477
8 146 146 0.182728
8 147 147 0.183980
8 148 148 0.185232
8 149 149 0.186483
8 150 150 0.187735
8 151 151 0.188986
8 152 152 0.190238
8 153 153 0.191489
8 154 154 0.192741
8 155 155 0.193992
8 156 156 0.195244
8 157 157 0.196496
8 158 158 0.197747
8 159 159 0.198999
8 160 160 0.200250
8 161 161 0.201502
8 162 162 0.202753
8 163 163 0.204005
8 164 164 0.205257
8 165 165 0.206508
8 166 166 0.207760
8 167 167 0.209011
8 168 168 0.210263
8 169 169 0.211514
8 170 170 0.212766
8 171 171 0.214018
8 172 172 0.215269
8 173 173 0.216521
8 174 174 0.217772
8 175 175 0.219024
8 176 176 0.220275
8 177 177 0.221527
8 178 178 0.222778
8 179 179 0.224030
8 180 180 0.225282
8 181 181 0.226533
8 182 182 0.227785
8 183 183 0.229036
8 184 184 0.230288
8 185 185 0.231539
8 186 186 0.232791
8 187 187 0.234043
8 188 188 0.235294
8 189 189 0.236546
8 190 190 0.237797
8 191 191 0.239049
8 192 192 0.240300
8 193 193 0.241552
8 194 194 0.242804
8 195 195 0.244055
8 196 196 0.245307
8 197 197 0.246558
8 198 198 0.247810
8 199 199 0.249061
--Done writing x grid points--
--Writing y grid points--
8 0 400 0.500626
8 1 401 0.501877
8 2 402 0.503129
8 3 403 0.504380
8 4 404 0.505632
8 5 405 0.506884
8 6 406 0.508135
8 7 407 0.509387
8 8 408 0.510638
8 9 409 0.511890
8 10 410 0.513141
8 11 411 0.514393
8 12 412 0.515645
8 13 413 0.516896
8 14 414 0.518148
8 15 415 0.519399
8 16 416 0.520651
8 17 417 0.521902
8 18 418 0.523154
8 19 419 0.524406
8 20 420 0.525657
8 21 421 0.526909
8 22 422 0.528160
8 23 423 0.529412
8 24 424 0.530663
8 25 425 0.531915
8 26 426 0.533166
8 27 427 0.534418
8 28 428 0.535670
8 29 429 0.536921
8 30 430 0.538173
8 31 431 0.539424
8 32 432 0.540676
8 33 433 0.541927
8 34 434 0.543179
8 35 435 0.544431
8 36 436 0.545682
8 37 437 0.546934
8 38 438 0.548185
8 39 439 0.549437
8 40 440 0.550688
8 41 441 0.551940
8 42 442 0.553191
8 43 443 0.554443
8 44 444 0.555695
8 45 445 0.556946
8 46 446 0.558198
8 47 447 0.559449
8 48 448 0.560701
8 49 449 0.561952
8 50 450 0.563204
8 51 451 0.564456
8 52 452 0.565707
8 53 453 0.566959
8 54 454 0.568210
8 55 455 0.569462
8 56 456 0.570713
8 57 457 0.571965
8 58 458 0.573217
8 59 459 0.574468
8 60 460 0.575720
8 61 461 0.576971
8 62 462 0.578223
8 63 463 0.579474
8 64 464 0.580726
8 65 465 0.581977
8 66 466 0.583229
8 67 467 0.584481
8 68 468 0.585732
8 69 469 0.586984
8 70 470 0.588235
8 71 471 0.589487
8 72 472 0.590738
8 73 473 0.591990
8 74 474 0.593242
8 75 475 0.594493
8 76 476 0.595745
8 77 477 0.596996
8 78 478 0.598248
8 79 479 0.599499
8 80 480 0.600751
8 81 481 0.602003
8 82 482 0.603254
8 83 483 0.604506
8 84 484 0.605757
8 85 485 0.607009
8 86 486 0.608260
8 87 487 0.609512
8 88 488 0.610763
8 89 489 0.612015
8 90 490 0.613267
8 91 491 0.614518
8 92 492 0.615770
8 93 493 0.617021
8 94 494 0.618273
8 95 495 0.619524
8 96 496 0.620776
8 97 497 0.622028
8 98 498 0.623279
8 99 499 0.624531
8 100 500 0.625782
8 101 501 0.627034
8 102 502 0.628285
8 103 503 0.629537
8 104 504 0.630788
8 105 505 0.632040
8 106 506 0.633292
8 107 507 0.634543
8 108 508 0.635795
8 109 509 0.637046
8 110 510 0.638298
8 111 511 0.639549
8 112 512 0.640801
8 113 513 0.642053
8 114 514 0.643304
8 115 515 0.644556
8 116 516 0.645807
8 117 517 0.647059
8 118 518 0.648310
8 119 519 0.649562
8 120 520 0.650814
8 121 521 0.652065
8 122 522 0.653317
8 123 523 0.654568
8 124 524 0.655820
8 125 525 0.657071
8 126 526 0.658323
8 127 527 0.659574
8 128 528 0.660826
8 129 529 0.662078
8 130 530 0.663329
8 131 531 0.664581
8 132 532 0.665832
8 133 533 0.667084
8 134 534 0.668335
8 135 535 0.669587
8 136 536 0.670839
8 137 537 0.672090
8 138 538 0.673342
8 139 539 0.674593
8 140 540 0.675845
8 141 541 0.677096
8 142 542 0.678348
8 143 543 0.679599
8 144 544 0.680851
8 145 545 0.682103
8 146 546 0.683354
8 147 547 0.684606
8 148 548 0.685857
8 149 549 0.687109
8 150 550 0.688360
8 151 551 0.689612
8 152 552 0.690864
8 153 553 0.692115
8 154 554 0.693367
8 155 555 0.694618
8 156 556 0.695870
8 157 557 0.697121
8 158 558 0.698373
8 159 559 0.699625
8 160 560 0.700876
8 161 561 0.702128
8 162 562 0.703379
8 163 563 0.704631
8 164 564 0.705882
8 165 565 0.707134
8 166 566 0.708385
8 167 567 0.709637
8 168 568 0.710889
8 169 569 0.712140
8 170 570 0.713392
8 171 571 0.714643
8 172 572 0.715895
8 173 573 0.717146
8 174 574 0.718398
8 175 575 0.719650
8 176 576 0.720901
8 177 577 0.722153
8 178 578 0.723404
8 179 579 0.724656
8 180 580 0.725907
8 181 581 0.727159
8 182 582 0.728411
8 183 583 0.729662
8 184 584 0.730914
8 185 585 0.732165
8 186 586 0.733417
8 187 587 0.734668
8 188 588 0.735920
8 189 589 0.737171
8 190 590 0.738423
8 191 591 0.739675
8 192 592 0.740926
8 193 593 0.742178
8 194 594 0.743429
8 195 595 0.744681
8 196 596 0.745932
8 197 597 0.747184
8 198 598 0.748436
8 199 599 0.749687
--Done writing y grid points--
