


--Debug-1- 9 1 2

--Debug-1- 200 800 200 399

--Debug-1- 200 800 400 599

--Debug-2- 0.250000 0.500000 0.000000 1.000000 0.250000

--Debug-2- 0.500000 0.750000 0.000000 1.000000 0.250000
--Writing x grid points--
9 0 200 0.250313
9 1 201 0.251564
9 2 202 0.252816
9 3 203 0.254068
9 4 204 0.255319
9 5 205 0.256571
9 6 206 0.257822
9 7 207 0.259074
9 8 208 0.260325
9 9 209 0.261577
9 10 210 0.262829
9 11 211 0.264080
9 12 212 0.265332
9 13 213 0.266583
9 14 214 0.267835
9 15 215 0.269086
9 16 216 0.270338
9 17 217 0.271589
9 18 218 0.272841
9 19 219 0.274093
9 20 220 0.275344
9 21 221 0.276596
9 22 222 0.277847
9 23 223 0.279099
9 24 224 0.280350
9 25 225 0.281602
9 26 226 0.282854
9 27 227 0.284105
9 28 228 0.285357
9 29 229 0.286608
9 30 230 0.287860
9 31 231 0.289111
9 32 232 0.290363
9 33 233 0.291615
9 34 234 0.292866
9 35 235 0.294118
9 36 236 0.295369
9 37 237 0.296621
9 38 238 0.297872
9 39 239 0.299124
9 40 240 0.300375
9 41 241 0.301627
9 42 242 0.302879
9 43 243 0.304130
9 44 244 0.305382
9 45 245 0.306633
9 46 246 0.307885
9 47 247 0.309136
9 48 248 0.310388
9 49 249 0.311640
9 50 250 0.312891
9 51 251 0.314143
9 52 252 0.315394
9 53 253 0.316646
9 54 254 0.317897
9 55 255 0.319149
9 56 256 0.320401
9 57 257 0.321652
9 58 258 0.322904
9 59 259 0.324155
9 60 260 0.325407
9 61 261 0.326658
9 62 262 0.327910
9 63 263 0.329161
9 64 264 0.330413
9 65 265 0.331665
9 66 266 0.332916
9 67 267 0.334168
9 68 268 0.335419
9 69 269 0.336671
9 70 270 0.337922
9 71 271 0.339174
9 72 272 0.340426
9 73 273 0.341677
9 74 274 0.342929
9 75 275 0.344180
9 76 276 0.345432
9 77 277 0.346683
9 78 278 0.347935
9 79 279 0.349186
9 80 280 0.350438
9 81 281 0.351690
9 82 282 0.352941
9 83 283 0.354193
9 84 284 0.355444
9 85 285 0.356696
9 86 286 0.357947
9 87 287 0.359199
9 88 288 0.360451
9 89 289 0.361702
9 90 290 0.362954
9 91 291 0.364205
9 92 292 0.365457
9 93 293 0.366708
9 94 294 0.367960
9 95 295 0.369212
9 96 296 0.370463
9 97 297 0.371715
9 98 298 0.372966
9 99 299 0.374218
9 100 300 0.375469
9 101 301 0.376721
9 102 302 0.377972
9 103 303 0.379224
9 104 304 0.380476
9 105 305 0.381727
9 106 306 0.382979
9 107 307 0.384230
9 108 308 0.385482
9 109 309 0.386733
9 110 310 0.387985
9 111 311 0.389237
9 112 312 0.390488
9 113 313 0.391740
9 114 314 0.392991
9 115 315 0.394243
9 116 316 0.395494
9 117 317 0.396746
9 118 318 0.397997
9 119 319 0.399249
9 120 320 0.400501
9 121 321 0.401752
9 122 322 0.403004
9 123 323 0.404255
9 124 324 0.405507
9 125 325 0.406758
9 126 326 0.408010
9 127 327 0.409262
9 128 328 0.410513
9 129 329 0.411765
9 130 330 0.413016
9 131 331 0.414268
9 132 332 0.415519
9 133 333 0.416771
9 134 334 0.418023
9 135 335 0.419274
9 136 336 0.420526
9 137 337 0.421777
9 138 338 0.423029
9 139 339 0.424280
9 140 340 0.425532
9 141 341 0.426783
9 142 342 0.428035
9 143 343 0.429287
9 144 344 0.430538
9 145 345 0.431790
9 146 346 0.433041
9 147 347 0.434293
9 148 348 0.435544
9 149 349 0.436796
9 150 350 0.438048
9 151 351 0.439299
9 152 352 0.440551
9 153 353 0.441802
9 154 354 0.443054
9 155 355 0.444305
9 156 356 0.445557
9 157 357 0.446809
9 158 358 0.448060
9 159 359 0.449312
9 160 360 0.450563
9 161 361 0.451815
9 162 362 0.453066
9 163 363 0.454318
9 164 364 0.455569
9 165 365 0.456821
9 166 366 0.458073
9 167 367 0.459324
9 168 368 0.460576
9 169 369 0.461827
9 170 370 0.463079
9 171 371 0.464330
9 172 372 0.465582
9 173 373 0.466834
9 174 374 0.468085
9 175 375 0.469337
9 176 376 0.470588
9 177 377 0.471840
9 178 378 0.473091
9 179 379 0.474343
9 180 380 0.475594
9 181 381 0.476846
9 182 382 0.478098
9 183 383 0.479349
9 184 384 0.480601
9 185 385 0.481852
9 186 386 0.483104
9 187 387 0.484355
9 188 388 0.485607
9 189 389 0.486859
9 190 390 0.488110
9 191 391 0.489362
9 192 392 0.490613
9 193 393 0.491865
9 194 394 0.493116
9 195 395 0.494368
9 196 396 0.495620
9 197 397 0.496871
9 198 398 0.498123
9 199 399 0.499374
--Done writing x grid points--
--Writing y grid points--
9 0 400 0.500626
9 1 401 0.501877
9 2 402 0.503129
9 3 403 0.504380
9 4 404 0.505632
9 5 405 0.506884
9 6 406 0.508135
9 7 407 0.509387
9 8 408 0.510638
9 9 409 0.511890
9 10 410 0.513141
9 11 411 0.514393
9 12 412 0.515645
9 13 413 0.516896
9 14 414 0.518148
9 15 415 0.519399
9 16 416 0.520651
9 17 417 0.521902
9 18 418 0.523154
9 19 419 0.524406
9 20 420 0.525657
9 21 421 0.526909
9 22 422 0.528160
9 23 423 0.529412
9 24 424 0.530663
9 25 425 0.531915
9 26 426 0.533166
9 27 427 0.534418
9 28 428 0.535670
9 29 429 0.536921
9 30 430 0.538173
9 31 431 0.539424
9 32 432 0.540676
9 33 433 0.541927
9 34 434 0.543179
9 35 435 0.544431
9 36 436 0.545682
9 37 437 0.546934
9 38 438 0.548185
9 39 439 0.549437
9 40 440 0.550688
9 41 441 0.551940
9 42 442 0.553191
9 43 443 0.554443
9 44 444 0.555695
9 45 445 0.556946
9 46 446 0.558198
9 47 447 0.559449
9 48 448 0.560701
9 49 449 0.561952
9 50 450 0.563204
9 51 451 0.564456
9 52 452 0.565707
9 53 453 0.566959
9 54 454 0.568210
9 55 455 0.569462
9 56 456 0.570713
9 57 457 0.571965
9 58 458 0.573217
9 59 459 0.574468
9 60 460 0.575720
9 61 461 0.576971
9 62 462 0.578223
9 63 463 0.579474
9 64 464 0.580726
9 65 465 0.581977
9 66 466 0.583229
9 67 467 0.584481
9 68 468 0.585732
9 69 469 0.586984
9 70 470 0.588235
9 71 471 0.589487
9 72 472 0.590738
9 73 473 0.591990
9 74 474 0.593242
9 75 475 0.594493
9 76 476 0.595745
9 77 477 0.596996
9 78 478 0.598248
9 79 479 0.599499
9 80 480 0.600751
9 81 481 0.602003
9 82 482 0.603254
9 83 483 0.604506
9 84 484 0.605757
9 85 485 0.607009
9 86 486 0.608260
9 87 487 0.609512
9 88 488 0.610763
9 89 489 0.612015
9 90 490 0.613267
9 91 491 0.614518
9 92 492 0.615770
9 93 493 0.617021
9 94 494 0.618273
9 95 495 0.619524
9 96 496 0.620776
9 97 497 0.622028
9 98 498 0.623279
9 99 499 0.624531
9 100 500 0.625782
9 101 501 0.627034
9 102 502 0.628285
9 103 503 0.629537
9 104 504 0.630788
9 105 505 0.632040
9 106 506 0.633292
9 107 507 0.634543
9 108 508 0.635795
9 109 509 0.637046
9 110 510 0.638298
9 111 511 0.639549
9 112 512 0.640801
9 113 513 0.642053
9 114 514 0.643304
9 115 515 0.644556
9 116 516 0.645807
9 117 517 0.647059
9 118 518 0.648310
9 119 519 0.649562
9 120 520 0.650814
9 121 521 0.652065
9 122 522 0.653317
9 123 523 0.654568
9 124 524 0.655820
9 125 525 0.657071
9 126 526 0.658323
9 127 527 0.659574
9 128 528 0.660826
9 129 529 0.662078
9 130 530 0.663329
9 131 531 0.664581
9 132 532 0.665832
9 133 533 0.667084
9 134 534 0.668335
9 135 535 0.669587
9 136 536 0.670839
9 137 537 0.672090
9 138 538 0.673342
9 139 539 0.674593
9 140 540 0.675845
9 141 541 0.677096
9 142 542 0.678348
9 143 543 0.679599
9 144 544 0.680851
9 145 545 0.682103
9 146 546 0.683354
9 147 547 0.684606
9 148 548 0.685857
9 149 549 0.687109
9 150 550 0.688360
9 151 551 0.689612
9 152 552 0.690864
9 153 553 0.692115
9 154 554 0.693367
9 155 555 0.694618
9 156 556 0.695870
9 157 557 0.697121
9 158 558 0.698373
9 159 559 0.699625
9 160 560 0.700876
9 161 561 0.702128
9 162 562 0.703379
9 163 563 0.704631
9 164 564 0.705882
9 165 565 0.707134
9 166 566 0.708385
9 167 567 0.709637
9 168 568 0.710889
9 169 569 0.712140
9 170 570 0.713392
9 171 571 0.714643
9 172 572 0.715895
9 173 573 0.717146
9 174 574 0.718398
9 175 575 0.719650
9 176 576 0.720901
9 177 577 0.722153
9 178 578 0.723404
9 179 579 0.724656
9 180 580 0.725907
9 181 581 0.727159
9 182 582 0.728411
9 183 583 0.729662
9 184 584 0.730914
9 185 585 0.732165
9 186 586 0.733417
9 187 587 0.734668
9 188 588 0.735920
9 189 589 0.737171
9 190 590 0.738423
9 191 591 0.739675
9 192 592 0.740926
9 193 593 0.742178
9 194 594 0.743429
9 195 595 0.744681
9 196 596 0.745932
9 197 597 0.747184
9 198 598 0.748436
9 199 599 0.749687
--Done writing y grid points--
